N, 4, 8, 16, 32, 64, 128, 256, 512, 1024, 2048, 4096, 8192, 16384, 32768, 65536, 131072, 262144, 524288, 1048576, 2097152, 4194304, 8388608, 16777216, 33554432, 67108864, 134217728, 268435456
1024, 2.13155, 2.18603, 2.16581, 1.77606, 1.68685, 1.51921, 1.16538, 0.448763
2048, 2.13453, 2.12936, 2.14851, 2.16402, 1.76403, 1.68057, 1.49296, 1.16311, 0.400964
4096, 2.13247, 2.14311, 2.13491, 2.12619, 2.1656, 1.7637, 1.66551, 1.49352, 1.10749, 0.40924
8192, 2.13109, 2.13379, 2.13016, 2.11563, 2.13488, 2.16366, 1.76165, 1.66539, 1.47332, 1.13315, 0.434117
16384, 2.16244, 2.11906, 2.12017, 2.11471, 2.12591, 2.13706, 2.14589, 1.75519, 1.66546, 1.47013, 1.10296, 0.408247
32768, 2.12956, 2.13152, 2.11982, 2.13644, 2.34862, 2.29491, 2.29721, 2.42588, 1.758, 1.65436, 1.48124, 1.1264, 0.408677
65536, 2.13469, 2.12025, 2.12354, 2.18218, 3.92431, 3.98805, 3.94903, 3.96631, 4.00671, 2.88323, 2.24528, 1.48457, 1.12288, 0.414768
131072, 2.12255, 2.12586, 2.14008, 2.18018, 3.91777, 3.98301, 3.93606, 3.95613, 3.96031, 4.04435, 2.86894, 2.25449, 1.48933, 1.11667, 0.422478
262144, 2.12642, 2.14465, 2.14219, 2.20499, 3.83459, 4.16905, 5.0106, 5.12391, 5.31577, 6.67505, 6.66311, 3.18334, 2.41179, 1.48313, 1.11532, 0.424508
524288, 2.12456, 2.12722, 2.14463, 2.17837, 3.98987, 4.3229, 6.28944, 6.86585, 7.87876, 9.87472, 10.7665, 8.99665, 4.15298, 3.18203, 1.55562, 1.12751, 0.410773
1048576, 2.12262, 2.12455, 2.14421, 2.19452, 3.96176, 4.32269, 6.24405, 6.69149, 7.60364, 9.76769, 10.5216, 9.98528, 7.69063, 4.91408, 3.01641, 1.49098, 1.1289, 0.398561
2097152, 2.14003, 2.12996, 2.13311, 2.19901, 3.95916, 4.27328, 6.06841, 6.32044, 6.88668, 9.17614, 9.55524, 9.63591, 8.46499, 8.01031, 5.86616, 3.72279, 1.47415, 1.11285, 0.373624
4194304, 2.12606, 2.14093, 2.13723, 2.19474, 3.96219, 4.91602, 6.13552, 6.21333, 6.4325, 9.19081, 9.37358, 9.34491, 8.67856, 8.51105, 8.51588, 6.08283, 3.83388, 1.4755, 1.0573, 0.392612
8388608, 2.14405, 2.18357, 2.28245, 2.61271, 4.79959, 9.34196, 11.8379, 12.7577, 12.3943, 20.7594, 16.4891, 17.8781, 11.9064, 13.9103, 8.86916, 8.79527, 6.1418, 4.44052, 1.47779, 1.12763, 0.39093
16777216, 2.16139, 2.21589, 2.19516, 2.51071, 4.84558, 12.1922, 22.2654, 28.8421, 30.4554, 43.2269, 44.8411, 49.0563, 43.292, 53.9606, 78.276, 81.3987, 8.52677, 6.28545, 4.6747, 1.48359, 1.11514, 0.414768
33554432, 2.15862, 2.24591, 2.16736, 2.52666, 5.04782, 12.4735, 24.838, 33.2145, 33.7357, 57.2906, 58.6294, 68.6328, 55.8145, 62.8443, 64.5311, 70.646, 48.8738, 8.77285, 6.44209, 4.62679, 1.483, 1.12418, 0.403313
67108864, 2.15441, 2.2456, 2.155, 2.56002, 5.00393, 12.6326, 25.9502, 33.9505, 35.1324, 61.8515, 66.337, 79.0368, 63.8019, 70.3392, 76.2111, 81.7764, 65.6793, 63.4231, 42.1736, 6.38387, 4.73128, 1.47923, 1.13385, 0.368351
134217728, 2.15557, 2.27322, 2.15585, 2.54082, 5.0706, 12.7472, 26.3422, 34.1494, 35.5707, 62.0031, 68.6447, 79.9364, 66.5712, 73.7728, 81.5374, 84.9915, 70.5594, 82.9338, 77.914, 52.9995, 6.5162, 4.68268, 1.48574, 1.11083, 0.405425
268435456, 2.16555, 2.24473, 2.16943, 2.54578, 5.03337, 12.8516, 26.7203, 34.1864, 35.4376, 62.2576, 68.6825, 80.1634, 66.6466, 74.0574, 81.7801, 85.2145, 70.9536, 82.6319, 77.3715, 87.9293, 58.1795, 11.5027, 8.53954, 3.70502, 1.11905, 0.393715
