N, 4, 8, 16, 32, 64, 128, 256, 512, 1024, 2048, 4096, 8192, 16384, 32768, 65536, 131072, 262144, 524288, 1048576, 2097152, 4194304, 8388608, 16777216, 33554432, 67108864, 134217728, 268435456
1024, 2.23139, 2.25396, 2.2872, 2.24304, 1.52326, 1.36666, 1.16896, 0.621654
2048, 2.31441, 2.26844, 2.28042, 2.33049, 2.64844, 1.55026, 1.39786, 1.08021, 0.5621
4096, 2.2325, 2.23096, 2.23292, 2.23656, 2.25402, 2.29304, 1.64056, 1.38561, 1.12591, 0.521451
8192, 2.21951, 2.22121, 2.211, 2.22049, 2.23891, 2.27012, 2.2943, 1.52192, 1.38063, 1.10311, 0.60612
16384, 2.22939, 2.22447, 2.23853, 2.22309, 2.22674, 2.23728, 2.25936, 2.29221, 1.50345, 1.34822, 1.10378, 0.496224
32768, 2.20285, 2.19415, 2.13284, 2.16867, 2.35997, 2.33952, 2.57498, 2.63058, 2.33254, 1.5288, 1.31955, 1.04231, 0.502771
65536, 2.13371, 2.1386, 2.10854, 2.17797, 3.8685, 3.94448, 3.9169, 3.98689, 3.98796, 3.6142, 2.28088, 1.31923, 1.06065, 0.533517
131072, 2.11912, 2.12043, 2.12135, 2.18826, 3.89717, 3.97732, 3.94199, 3.96715, 3.94198, 4.05824, 4.01487, 2.26252, 1.31245, 1.0554, 0.528784
262144, 2.13511, 2.13152, 2.13092, 2.19044, 3.81178, 4.48824, 5.00867, 5.11435, 5.24988, 6.40765, 6.66873, 4.34604, 2.41101, 1.32037, 1.03112, 0.553655
524288, 2.12249, 2.13292, 2.14564, 2.20719, 3.9849, 4.35138, 6.2939, 6.78502, 7.89806, 10.0512, 10.6259, 10.1143, 8.56246, 4.93838, 1.8025, 1.04908, 0.53018
1048576, 2.12583, 2.12924, 2.15659, 2.19465, 3.98773, 4.32413, 6.26058, 6.94892, 8.2047, 9.83777, 10.8879, 10.3842, 9.82912, 9.09783, 5.00399, 1.82422, 1.04835, 0.545649
2097152, 2.12584, 2.12923, 2.13295, 2.1958, 3.96678, 4.40737, 6.20446, 6.45307, 7.03842, 9.5371, 9.98096, 9.67724, 9.37359, 9.21627, 8.1564, 2.94494, 1.44627, 1.06168, 0.524839
4194304, 2.13842, 2.14005, 2.141, 2.18686, 3.97143, 4.37994, 6.06573, 6.22979, 6.56363, 9.18854, 9.33566, 9.41351, 9.36769, 9.13695, 9.26669, 7.77015, 3.86288, 1.3292, 1.06538, 0.472855
8388608, 2.16493, 2.18575, 2.32584, 2.69581, 4.88134, 9.44781, 12.0789, 12.7748, 12.0559, 21.7251, 23.4161, 21.2201, 21.2991, 9.17787, 9.22342, 8.68189, 8.76184, 4.31655, 1.31338, 1.04797, 0.527389
16777216, 2.15452, 2.21063, 2.21275, 2.51565, 4.82788, 12.1446, 22.3338, 29.2176, 30.9882, 42.9525, 44.2989, 49.663, 48.0451, 64.0635, 77.223, 79.7273, 8.7917, 8.8333, 4.46764, 1.31464, 1.05102, 0.522524
33554432, 2.14761, 2.24202, 2.17454, 2.53869, 5.00834, 12.4085, 25.2507, 33.1506, 33.6987, 57.0436, 58.9315, 68.7284, 57.1676, 69.7169, 79.9474, 82.3099, 68.1368, 8.81399, 8.77796, 4.64522, 1.31444, 1.05355, 0.51868
67108864, 2.16517, 2.2472, 2.15014, 2.53921, 5.07196, 12.888, 26.1541, 34.3838, 35.2924, 61.7751, 66.0125, 79.4824, 64.4533, 71.7142, 80.8037, 83.6512, 70.5478, 81.6699, 41.9925, 9.03115, 4.62261, 1.31973, 1.06589, 0.535054
134217728, 2.16038, 2.24376, 2.17028, 2.53443, 5.22778, 12.9164, 26.8784, 35.0476, 35.7178, 62.1542, 68.9044, 80.7312, 66.9936, 74.6323, 81.7857, 85.0304, 72.5974, 79.5559, 73.7308, 53.6024, 9.28241, 4.81278, 1.32536, 1.05505, 0.556307
268435456, 2.17967, 2.25039, 2.16502, 2.68048, 5.12755, 13.2553, 26.9016, 34.5858, 35.8454, 62.1121, 68.8832, 81.2428, 66.7618, 74.5394, 82.3727, 85.4597, 72.3757, 81.094, 74.1504, 80.6434, 44.4938, 15.7038, 8.26854, 4.02442, 1.05573, 0.516061
